miRNA	Normal_mean	RBD_mean	PD_mean	Normal.RBD.p	Normal.PD.p	RBD.PD.p	kruskal.p	kruskal.q
1	let-7b-5p	18.8280862480651	18.5401757046736	18.9039823843313	0.0893340777769869	0.258247373123204	0.0154341716349934	0.0362744103048385	0.103303211955084
2	miR-423-5p	18.5045916175029	18.4733636436248	18.3460831641637	0.909823320888967	0.230300909065406	0.384305899212403	0.481159058722535	0.613448532288585
3	let-7a-5p	18.2820922760915	18.0467749975964	18.3203848041627	0.0233297908538779	0.532467355826227	0.0102425541740676	0.0176496760424244	0.0604472565113098
4	let-7f-5p	17.4413855472779	17.0660136679909	17.4956731447626	0.00100149838771409	0.43225470433793	5.32794669810687e-05	9.81203773860046e-05	0.00116852449432424
5	miR-26a-5p	17.3405336008786	17.096533816591	17.364535101243	0.00375749072396704	0.988524021316404	0.0111737329825219	0.00691911708327494	0.0317980934875148
6	miR-146a-5p	15.7598512377285	16.5601675499914	16.2671755024284	1.93841396453879e-06	0.000111815692937321	0.139875526093687	1.40675846453626e-06	3.87969176535263e-05
7	miR-191-5p	16.3267803644282	16.0963073721811	16.4099256827158	0.00479511099073896	0.452761702602653	0.00288444787575689	0.00307729653302988	0.017916704258974
8	miR-125a-5p	15.9766098519998	16.0272060474356	15.4838969115513	0.688745131671243	0.00428254264974598	0.0132643588785961	0.00885681901584206	0.0385354544321937
9	miR-30d-5p	15.6239131677115	15.8017840281643	15.785184496829	0.018180834684053	0.0228777468640599	0.815441545189644	0.025252783067751	0.077382797236851
10	miR-10b-5p	15.6677952492761	15.3650252632324	14.9857707818237	0.122534448780602	0.000261696810008109	0.0444557795474355	0.00134842480117599	0.00954830534886781
11	miR-30c-5p	15.4905034831546	14.9438133810945	15.2317821046313	1.12030204773952e-09	0.000286157423046427	0.0011932646823848	1.24049026178641e-09	1.30003379435216e-07
12	miR-99b-5p	14.9578675005985	15.1886126971971	14.7941939566277	0.0872712636904468	0.405766656907907	0.0151785592311774	0.0426513214833469	0.115799442783802
13	miR-25-3p	15.4161084484971	14.7244360837269	14.9279917779016	9.5003224120427e-06	0.000195062126615219	0.158667993413384	6.19547847988042e-06	0.000129857228938294
14	miR-151a-5p	14.9248555236665	15.1759712073216	15.2627200135852	0.0128107194657133	0.00173190569014505	0.404498500792399	0.00349507873735866	0.0195304809231022
15	miR-10a-5p	15.2163109057051	15.0811746911755	14.743345184015	0.300236007723401	0.00264576728991111	0.0648811384641222	0.0109756059352468	0.0435206890694962
16	let-7i-5p	14.7392291311949	14.9279236588894	15.1416119539416	0.405688741787945	3.84572003815167e-05	0.0075716646417328	0.00027333001863821	0.00265231351419301
17	miR-27b-3p	14.4145101868648	15.1800084748533	14.955559138587	3.3028759466254e-12	2.60032972249123e-08	0.0297457733502576	4.02064855990918e-13	1.05340992269621e-10
18	miR-423-3p	14.5908248409202	14.7830790187144	14.9658185523859	0.127978344538724	0.000381262724466378	0.0936751204992534	0.00263665257329528	0.0160172837607061
19	miR-320a-3p	14.4142078406652	14.7057025138977	14.2983810315028	0.108494493184316	0.43225470433793	0.0154341716349934	0.049811637421105	0.125547559083094
20	miR-484	14.3634966286436	14.3593468131978	14.2767488639805	0.805790526876201	0.555375975289763	0.480002552771378	0.740599013578813	0.813572082002721
21	let-7g-5p	13.9292038336114	14.1691455484826	14.2552553753895	0.200888236362581	0.00892481708850083	0.301285115913854	0.0407297272952187	0.112254331211718
22	let-7e-5p	13.9702969852071	13.8113350294222	13.8401878397037	0.79298613463062	0.61466720007916	0.727387943774988	0.861788767711514	0.906781755584002
23	miR-151a-3p	13.2727212262154	13.9808230661264	13.9148810202725	2.28997293724159e-07	1.95095343245643e-07	0.713775528771891	1.09369955268242e-08	9.55164276009312e-07
24	miR-99a-5p	13.572470878993	13.9119648956339	13.3290018721033	0.00487832918814948	0.00892481708850083	9.33037272986375e-05	5.8097404935825e-05	0.000761076004659308
25	let-7d-5p	13.7970045756744	13.5408894072002	13.9659226805943	0.00203085583247956	0.198483163670391	0.000495844841916261	0.000451971964959509	0.0038198920909481
26	miR-150-5p	13.8134420374452	13.5136468387332	13.0020927992728	0.204806823833347	7.10463650037115e-06	0.0214043634393085	0.000129357741515896	0.00147288939473971
27	miR-125b-5p	13.4577039925708	13.5582121598272	12.9423509470521	0.672544522560553	0.00227186441580759	0.0058607273435754	0.00368405000495528	0.0201926389255755
28	miR-30e-5p	13.4103652435976	13.3903943274399	13.6154193615448	0.949338991518839	0.0712797323887045	0.0948680440151242	0.135548349185615	0.259223850267381
29	let-7d-3p	13.3449405512669	13.5293753869916	13.552328715541	0.00513588146305633	0.00331285329828951	0.782662917276232	0.00369941476499093	0.0201926389255755
30	let-7c-5p	13.2819119348725	13.3168094193285	13.2075257182271	0.457417952880682	0.924369541967077	0.374445071052729	0.636981335939749	0.745040669715242
31	miR-146b-5p	13.2206898469988	13.1657435863271	13.0050000886677	0.541526302367078	0.0173582031869764	0.0802782527868686	0.0485626334060592	0.125490798590856
32	miR-363-3p	13.0829312942452	12.5131178887968	12.6822782210685	0.00114825708299694	0.0205722578686416	0.407924595185412	0.00344908457196505	0.0195304809231022
33	miR-199a-5p	12.3459605644288	13.0784371863533	13.1357853512043	7.93541566453087e-06	2.35487803125114e-08	0.741086938154444	3.07824597773344e-08	2.0162511154154e-06
34	miR-185-5p	12.7874296211255	12.6969711177803	12.9476034959022	0.512656981080207	0.200498821081037	0.0640058838013038	0.163011200561323	0.288573882074775
35	miR-222-3p	12.8149264294331	12.9510732944589	12.8972542463954	0.0630066737522775	0.291082873856177	0.443126147931742	0.171957816106897	0.297226568243944
36	miR-4433b-5p	10.6801515875113	11.7556927853967	12.0718188098928	0.000216491976755149	2.63169530966765e-06	0.115659303594353	2.51345885681963e-06	5.98660200442493e-05
37	miR-584-5p	12.2907663690992	13.0067180228276	12.8527189956282	7.30350562022002e-07	2.91042685471208e-07	0.238324526580875	2.50765001731129e-08	1.87715515581588e-06
38	miR-22-3p	12.7372109157186	12.8234765916276	12.5486117624411	0.372243508360513	0.0298625394305766	0.0162238806754018	0.0248616066761696	0.076632246460664
39	miR-182-5p	13.0598546888771	11.5476802209347	12.2730539640111	1.96816405369754e-13	1.79349836996673e-05	4.67980987797549e-05	9.36709557987006e-14	4.90835808385191e-11
40	miR-148a-3p	12.329739390716	12.7875555783781	12.7068490091905	0.000202781154602725	0.000929358974624888	0.642796382132236	0.00020169324510023	0.00203244731601001
41	miR-96-5p	12.7684513110759	11.1537457602474	11.6060200085209	5.13828717925571e-09	2.01230028193952e-07	0.0792359607747355	3.91617836524382e-10	6.84025821129254e-08
42	miR-126-5p	12.2951504473456	12.550416528632	12.2492470989525	0.0390587506137526	0.749488606840148	0.031140613632919	0.0493812666639493	0.125547559083094
43	miR-342-3p	12.4833472058742	12.3000865703867	11.9910687589994	0.197024640561844	3.75089109015657e-05	0.0378517191902624	0.000490704672850164	0.00408141664402359
44	miR-28-3p	11.8686555227221	12.3874442825607	12.197974753791	5.34874562211628e-08	0.00296221923255196	0.0985199763952394	8.40820168897608e-07	2.61195375304554e-05
45	miR-199ab-3p	11.4567861733811	12.4145960267234	12.0452259649829	9.7559255420323e-10	3.39331552471611e-05	0.0137217470282182	1.16821235846243e-09	1.30003379435216e-07
46	miR-4433b-3p	10.9084738866818	11.4208509244139	11.7477333839376	0.0721183953979616	0.000178008349071999	0.0438177176874423	0.000782928421909725	0.00612320138926412
47	miR-26b-5p	12.079531529542	11.5801678875253	11.9865538697933	0.000728812126176364	0.364850831294324	0.00261157748885401	0.000822527415503103	0.00629634039877213
48	miR-186-5p	12.1862692773038	11.9242490672656	11.7843273265367	0.0695323887093295	0.000357001312914528	0.125814245136662	0.00208532765370578	0.0137268137776297
49	miR-142-5p	12.0880147552332	11.483538608545	11.6735709675646	0.000207258122480992	0.0148274927099749	0.414828440585371	0.000969372761022478	0.00725644752536826
50	miR-181a-5p	11.9391738422366	12.1016942915063	11.7927936914239	0.161341541690218	0.075910407272187	0.0030007015429849	0.010148957749312	0.0415472957862459
51	miR-30a-5p	11.7097971425586	11.9873513366265	11.5612366701462	0.0322807599606265	0.0807836440463155	0.0070420979359632	0.00804385285672364	0.0357201601434168
52	miR-100-5p	11.6389089249024	11.6197439929579	11.1993137129927	0.88795990098739	0.00740172112604431	0.0191184477242046	0.0153440072475633	0.0558632244264972
53	miR-335-3p	11.1567016154716	11.2112333030739	11.9115105754386	0.844504040321426	1.06161053707995e-05	8.02165039387426e-05	9.52891397016658e-06	0.000156035966261478
54	miR-23a-3p	11.6667513190242	11.8217973233284	11.6694061198384	0.0470091053462484	0.6025877708086	0.243186268294021	0.151158799698791	0.278898630430164
55	miR-130b-5p	11.4618701206666	11.5353431372897	11.9935834572947	0.256217624974128	7.17541063005445e-07	4.80313740374903e-05	8.01487129291526e-07	2.61195375304554e-05
56	miR-224-5p	11.2391642996497	11.4671772332012	11.7185831784556	0.0350511507322964	0.00194695787429769	0.428841571767555	0.00703927260410634	0.0317980934875148
57	miR-27a-3p	11.145840652495	11.7564004520671	11.3957216477381	1.47206808928006e-06	0.118276600073231	0.00241050459788042	7.56371247182606e-06	0.000141549476258459
58	miR-4732-3p	11.7474555715566	10.2536599292899	10.9064851099328	4.57885757291412e-08	0.0014214445478491	0.0321013798145801	2.49440734496581e-07	1.18824495342008e-05
59	miR-501-3p	11.3476000329321	11.0339948741197	10.9716339873039	0.045199511758074	0.00331285329828951	0.255644297849373	0.00911074849528236	0.0387413585697111
60	miR-128-3p	11.3259370320674	11.3125616172925	11.430411327321	0.509105555990578	0.594594696507254	0.881920669945471	0.781579751808868	0.844428432882158
61	miR-92b-3p	11.3103763031528	11.0316052953366	11.179775764217	0.126600050569353	0.208710874711232	0.773365289362259	0.255270332602859	0.398100161559221
62	miR-409-3p	10.7899741857399	11.2488644595303	11.2237506897494	0.0149437744017799	0.0190520552160845	0.768728550437056	0.0199979249660972	0.0646846461866355
63	miR-143-3p	10.7051894531685	11.238790056255	11.1251754411999	4.83220347191116e-05	0.0386073463732565	0.151624726150466	0.000421663014594806	0.00368252366079463
64	miR-192-5p	11.4673001902277	10.9382190766696	10.8761092827752	0.00070006293029839	0.00136587142453491	0.89149750606288	0.000610655562444363	0.00499974241751322
65	miR-106b-3p	11.2532043963974	10.7354561046704	11.2502544675831	0.00214699237426986	0.758229234038022	0.00784961020204017	0.0038054178594376	0.0203473363096459
66	miR-574-5p	11.0438799793658	10.9511249406954	11.0374642507058	0.71743873471956	0.878820095833365	0.514572379979416	0.826945758497701	0.882524597663534
67	miR-361-5p	10.9585621976862	11.420751312107	11.3035544821779	4.39445607279791e-05	0.000144625278963702	0.397698163897854	2.06160010320323e-05	0.000308650986879569
68	miR-103a-3p	11.176115434148	10.7216682733824	11.275146927059	0.00174876521065377	0.851671978687109	0.00331027268696335	0.00205944674890314	0.0137268137776297
69	miR-126-3p	10.8948776257177	11.3573925310425	11.0065661753938	0.000185765923315681	0.484528152001332	0.00784961020204017	0.000701198622252209	0.00556709209182057
70	miR-361-3p	11.1848972076992	11.1192529534203	10.7224259637118	0.537873729138698	0.000151489772688284	0.00231537520802715	0.000349259854996959	0.00321073971962116
71	miR-221-3p	10.0654132967568	11.0138924990553	10.9393903959164	6.4486658402288e-06	1.25190776804019e-06	0.579077803914749	3.39698866538494e-07	1.36924773897054e-05
72	miR-744-5p	10.3448651177883	11.0349303318562	11.1402012693982	3.37637264897785e-05	2.56943295196844e-05	0.901090195240927	6.95109925761492e-06	0.000140091385038085
73	miR-183-5p	11.1743730023131	9.7507932736391	10.4599405397514	4.97053629519441e-09	0.00907628535502313	0.0113687462580907	1.00958343247058e-07	5.87801909571761e-06
74	miR-139-3p	10.7502711805176	10.9544548157866	10.7283274556999	0.0501604198279861	0.643257732226196	0.0782047007244884	0.0914710516295011	0.190606333332627
75	miR-155-5p	11.1451911469969	10.6665129373413	10.6225219340386	2.28682677360679e-05	7.39084668825105e-07	0.829592685249063	5.63885037451383e-07	2.11054114017518e-05
76	miR-1301-3p	10.4996000450873	10.551956382074	11.0692384229122	0.349026938422013	5.17637048076276e-05	0.00350970548359664	0.000190782102758468	0.00198780260515163
77	miR-98-5p	10.3129678068835	10.4690913828585	10.8713341270661	0.545191216552965	0.000261696810008109	0.0139556221361555	0.00146084045941367	0.0102064053431035
78	miR-320b	10.1699711468543	9.90985634415709	9.70115981242543	0.509104741734384	0.234802961817842	0.133482660371589	0.259981639157309	0.403048458338551
79	miR-483-5p	9.84933999953157	10.1074558747422	9.27660275048662	0.122534448780602	0.0797891857533705	0.00799198170116102	0.0165724864909161	0.0585247844688958
80	miR-30b-5p	10.6248580802493	10.3254990094164	10.5592903824334	0.0052244248559503	0.415584098254837	0.0279697933670436	0.0114446955979875	0.0440957389216578
81	miR-2110	10.6532129784949	10.1941503432166	10.5601469527608	0.045199511758074	0.869753244608805	0.0694067374139275	0.0851340835230427	0.183581315909771
82	miR-140-3p	10.4808452551293	10.5377656138976	10.4486238697455	0.62487161687813	0.380272867479363	0.309870648317168	0.513453502598818	0.641042532265961
83	miR-4433a-3p	8.37577690832623	9.17320388061251	9.83033864642039	0.00549839084092543	2.70681498890285e-06	0.0235495905940265	8.31368346063942e-06	0.000145212337779169
84	miR-127-3p	9.85822233777528	10.125563358122	10.3952868680939	0.00403088608845396	0.00259613511071043	0.750265724304516	0.00265935818164396	0.0160172837607061
85	miR-432-5p	9.42243671884283	10.0418869758308	10.1089424545766	0.013841004195893	0.00550295109727602	0.944416165796882	0.00935444908615491	0.0389026295328982
86	miR-101-3p	9.98534138459827	9.3126151027709	10.0415741091117	0.0104427679564744	0.74513024958586	0.00873910336719954	0.0108532510301978	0.0435206890694962
87	miR-151b	9.17099760139114	8.90431786486585	8.33113255017939	0.477731678127585	0.116927407138745	0.367958927426829	0.282040335304297	0.418666106797313
88	miR-3615	10.4102419291343	9.81270467647811	9.64305836054732	0.00057147370656507	5.41418225556386e-06	0.146500458518495	8.23182250029999e-06	0.000145212337779169
89	miR-589-5p	9.92677320120299	10.2582216592667	10.0259270004635	0.00439797527089898	0.491747915465532	0.0182060185344064	0.00859716770226123	0.0378564359326461
90	miR-425-5p	10.2429700907832	9.97949119721008	10.0404684504493	0.0794013103080758	0.0225352272675585	0.983070744938947	0.0623700047155674	0.147481358560645
91	miR-139-5p	10.1581773869985	10.177824875598	9.80137184619095	0.784480546588718	0.0153059208996968	0.0325912158414176	0.0306683668935186	0.0918298528697358
92	miR-197-3p	9.02427101394323	9.75333950524921	9.73274817360835	0.000108735034604628	2.91706883702278e-05	0.709257978057415	1.55184244884256e-05	0.000239166306821618
93	miR-150-3p	10.0210594924463	9.28363481967753	9.20973242697624	0.000402059839240299	2.04067421999653e-05	0.750265724304516	2.97884670258782e-05	0.000421869100582707
94	miR-370-3p	9.47727452853379	9.49851288718699	9.81544406877578	0.857497419522021	0.107818632662452	0.197637156189474	0.241825857972396	0.382830059146633
95	miR-148b-3p	9.22594739637973	9.73503915708354	9.88685858620541	5.56705842475692e-05	0.000305891325484629	0.47624119449366	4.00411927266168e-05	0.000537989358685825
96	miR-30e-3p	9.71478692441607	9.78777891410133	9.99271077677033	0.474312165565997	0.0232247800900543	0.201889302527972	0.0879588778261985	0.18584859669729
97	miR-941	9.82569064747664	9.22045849703006	9.49397223995602	0.00487832918814948	0.0686142468963083	0.336587536153196	0.0157960112344138	0.0566925334714576
98	miR-877-5p	9.31873912347471	9.51459955619213	9.55131603790612	0.265589627545904	0.118276600073231	0.843799326716646	0.285049165477574	0.421937182797313
99	miR-4732-5p	9.85376735944194	8.32119311865312	8.88547553175053	2.99238209805814e-06	0.000182135233675904	0.248117296468262	3.22556024740111e-06	7.34866769407906e-05
100	miR-664a-5p	9.155009943679	9.57413206567701	9.32272965503878	0.000428056691204883	0.495379332798796	0.0271166096775203	0.00251679212910019	0.0160172837607061
101	miR-654-3p	8.8603218202865	9.44319095048597	9.57668903492107	0.0327290275405526	0.00512564480045169	0.896291955508174	0.0153517257965947	0.0558632244264972
102	miR-500a-3p	9.78146288754443	9.43293648457946	9.18923230196342	0.0187298475689286	3.75089109015657e-05	0.0890232579241075	0.0001934693375243	0.00198780260515163
103	miR-874-3p	9.46608240088845	9.71935381060803	8.88128704466393	0.275195061433867	0.000638655565087562	0.000230452267250819	0.000173104666821014	0.00185116011049411
104	miR-769-5p	9.23637362094714	9.83573643224726	9.50081758017546	1.83071729643906e-05	0.105322022504714	0.0055429350286384	6.14660479009975e-05	0.000785566075612748
105	miR-629-5p	9.33340269315788	8.90232295609627	9.02259286322757	0.0813125638131498	0.146297698409724	0.968565731588147	0.173004013958784	0.297226568243944
106	miR-30a-3p	9.25012045907784	9.32249623342528	8.91430921769797	0.966947439444826	0.052164610396339	0.0722443762092129	0.0987829358193133	0.200628908408218
107	miR-122-5p	9.25462344655981	8.85233345308331	8.5264464134012	0.450756061030287	0.00285308975855896	0.0589568785052837	0.0131260584560437	0.0498409755867165
108	miR-23b-5p	9.00879720554665	9.23000568228263	9.3586276277702	0.013841004195893	0.0190520552160845	0.634132908796047	0.0184458016660894	0.0615643316753557
109	miR-340-3p	9.3047839704803	8.69531345843856	9.54584333489387	5.0662816888326e-05	0.0677441680537673	2.03331694177114e-06	8.47389576369736e-07	2.61195375304554e-05
110	miR-23b-3p	9.38781731490888	9.23691953334604	9.37765713888418	0.0979810266711727	0.878820095833365	0.138255870558918	0.188785234495055	0.318081874197456
111	miR-374a-5p	8.75134972612009	8.5614847195723	8.99614154439304	0.208780700450886	0.280693540154736	0.031140613632919	0.0868498282508831	0.184997195136027
112	miR-342-5p	9.32980183574223	9.04048660935102	8.99579688081573	0.183930607783016	0.0817881433331263	0.886707019991322	0.196516126262296	0.326903016385533
113	miR-1180-3p	9.27046460503001	8.68989598437507	8.74564868143841	0.00608555146984901	0.0250293364509039	0.810737602098022	0.0136146829120176	0.0508721465510692
114	miR-532-5p	9.22595315633268	8.59096626696254	8.93313924237234	0.0130111734439966	0.121011590230833	0.425312720346732	0.0431690809908452	0.116601022882489
115	miR-340-5p	8.3043228428017	8.66091227859688	8.92899997502335	0.00755554980033883	0.000838238854622602	0.929949486857837	0.00209569675994346	0.0137268137776297
116	miR-24-3p	8.62027778949428	9.29895188872806	8.86832709756984	9.5003224120427e-06	0.212907133188003	0.00858486872126718	7.50771550974877e-05	0.000914893703978687
117	miR-450a-5p	8.7352553846175	8.79857451820373	8.82465386160548	0.200888236362581	0.906111460216491	0.195535823669231	0.329101629968613	0.468612103542265
118	miR-1307-3p	8.6271560540079	8.81590680652516	9.17579957801557	0.0548681562160917	0.00227186441580759	0.32752187462625	0.0089984092274935	0.0386489052066114
119	miR-339-5p	8.77463806538006	8.6957077431609	9.05425534985063	0.534233566429299	0.151152207138699	0.522426613761956	0.383575561631669	0.524121667331255
120	miR-181a-2-3p	8.82471393744548	8.6768189669311	8.82310483779421	0.545191216552965	0.915234910712055	0.483780051814455	0.747429662240391	0.819358039778169
121	miR-628-3p	8.7799581203764	8.67640786854116	8.90748945807194	0.107283986380328	0.323785681877374	0.834322286700274	0.294609418738744	0.432423908736979
122	miR-671-3p	8.45027671863879	8.75915098676317	9.03942949891914	0.153234705498995	0.00163277730153446	0.153362811643524	0.00917978939967793	0.0387413585697111
123	miR-323b-3p	7.57961965322109	8.48057279425073	8.26296329006794	0.00229011976027013	0.00218628262949379	0.404498500792399	0.00151214404780661	0.0104258352769824
124	miR-505-3p	8.7873780344976	8.885048349087	8.79337473558428	0.962543479661417	0.797930498376962	0.834322286700274	0.963724878089095	0.974887714514838
125	miR-374b-5p	8.69344554833552	8.12396816400169	8.89354001349391	0.0111261123042664	0.280693540154736	0.00129884605375345	0.00258760558896527	0.0160172837607061
126	miR-7976	8.60796258796952	7.49523445211531	8.36508426227041	0.000260209474332495	0.0660312327140053	0.039564328416879	0.00082909825861694	0.00629634039877213
127	miR-204-5p	8.62629736214327	8.42167893385243	8.27573635102093	0.421466470940827	0.0330368612146346	0.37771449143005	0.137576892995469	0.261196709889948
128	miR-181b-5p	8.48478423191503	8.98697596167723	8.23561989656035	0.00684152661472848	0.0364956949207156	7.34878484245624e-06	2.75381761752844e-05	0.000400833453218029
129	miR-93-5p	8.49087334332214	7.84535879540031	8.67731433946657	0.0686874953205454	0.215027959754275	0.00784961020204017	0.0194263114166193	0.064021303033387
130	miR-20a-5p	6.99976592989048	7.30371762702144	7.81629623298419	0.33085537117919	0.0163037081227134	0.210592912237902	0.0624825603062276	0.147481358560645
131	miR-450b-5p	8.38048069852147	8.28203577787427	8.30220101163888	0.949338991518839	0.402525214012539	0.446739326607573	0.653739617724074	0.752498340804675
132	miR-1843	8.14187509048427	8.41864387362715	8.58475698518901	0.0130111734439966	0.00319198293521693	0.997581357205454	0.00659961174707138	0.0309751439019554
133	miR-335-5p	7.57894378954825	8.24918550610591	7.81390329131647	0.0120359672604488	0.4458656866317	0.0802782527868686	0.0346096906094237	0.101315518878983
134	miR-485-3p	6.88337860549652	7.78685234129899	8.07100543600034	0.0220160883354571	0.00214460921782282	0.554447958964219	0.00619911918184137	0.0295303495571353
135	miR-338-5p	7.71473544145416	8.28730471276661	8.19323881555284	0.000907438139309997	0.0199516704089404	0.23591955476764	0.00232598266394062	0.0150470977272208
136	miR-93-3p	8.42661909742936	7.86295468766053	8.27336984634875	0.11988121828472	0.979344833683356	0.178331250712018	0.241667112101552	0.382830059146633
137	miR-942-5p	8.3116631299827	7.97796331120107	8.12555759615554	0.0406588143119884	0.133935662119266	0.47624119449366	0.0941750813580757	0.193369696448033
138	miR-29a-3p	7.81062645044299	7.95689484804336	7.54532610430509	0.477731678127585	0.235937173954125	0.158667993413384	0.280624499900164	0.417747835078653
139	miR-7-5p	8.2527074561301	7.15617471399772	7.8194268785409	2.22190907458504e-06	0.0703819619226208	0.00784961020204017	1.50310447850607e-05	0.000238674771738539
140	miR-425-3p	7.57897589889384	8.12508715921148	8.2250042440526	0.000595284039699182	0.000173969510607311	0.284593509067951	0.000132110308306806	0.00147288939473971
141	miR-6852-5p	7.15939592764343	7.97118251030841	8.06065443150857	0.000589232012080508	0.000739849507611529	0.983070744938947	0.000372630829362182	0.00336652680320316
142	miR-221-5p	8.28378820986388	7.92805954229457	8.12888012153326	0.210788462587755	0.618717235662516	0.65588288289865	0.505743429567354	0.637042204551187
143	miR-328-3p	6.66190234243291	7.87764835050305	7.56590915195911	1.46211168365401e-05	0.000373009374379414	0.0792359607747355	9.19028311891265e-06	0.000155345430784201
144	miR-223-3p	7.55108693489495	7.28457007348365	7.80003595484127	0.437597591250784	0.343927041701433	0.958901105518222	0.603070880027761	0.713679886474753
145	miR-3605-3p	8.00605467800791	7.26843423611368	7.87110034759445	0.0488788288808016	0.970168380226836	0.098519196244273	0.108593260920298	0.217186521840595
146	miR-574-3p	7.92222750880945	7.81779648814375	8.01345410443063	0.71743873471956	0.815751515531025	0.862820066814923	0.928602323315163	0.951977226003704
147	miR-145-3p	7.06936957044773	7.67836237212525	7.60037109412827	0.0331812627406917	0.0812840014636055	0.621228237108107	0.0696051657219735	0.159271208900935
148	miR-330-3p	7.59364280341306	7.84826281139488	7.76076778585245	0.0216978959581878	0.0651882425259658	0.839057889410359	0.0512854188572687	0.127969330862899
149	miR-502-3p	8.01101258403701	7.16802002991105	7.27262247021932	0.0046325173720934	0.0212090709489765	0.782660953760018	0.0103611180288992	0.0420870220708773
150	miR-378a-3p	7.70259911175122	7.54305522824584	7.51877003423961	0.905444628522398	0.186699665669306	0.371193208187544	0.430304130070257	0.56939233372933
151	miR-375-3p	7.17778485163276	7.19123314159287	7.35840490724816	0.78235771442322	0.706286745999744	0.8532990353123	0.917838307820985	0.951977226003704
152	miR-1294	7.93267897836217	6.66588902115227	7.41784323007741	2.912783403905e-06	0.0731034355736612	0.0254770957272914	3.7069922224999e-05	0.000511174716997354
153	miR-134-5p	5.75255524115166	7.47566761042335	7.25493703673556	1.65711426876738e-05	5.85075766824239e-05	0.285958981335947	5.55137832194673e-06	0.000121205093362504
154	miR-3613-5p	6.70629936013331	6.68248436874979	6.87817615231238	0.901068808889689	0.7669989920948	0.881920398390687	0.957952993090395	0.970923343093553
155	miR-409-5p	6.86751420182405	7.30902925682305	7.43768173783131	0.188530161106751	0.0514716810407753	0.554447958964219	0.137114026575428	0.261196709889948
156	miR-136-3p	6.08626995819509	7.41170027855083	7.16235040131014	0.000226111061723518	0.0239325791188234	0.243186268294021	0.0010695652470395	0.00767742725272191
157	let-7b-3p	7.49745673748759	7.28340585951524	6.88209918397606	0.094663181554718	0.018187869699771	0.45767886675058	0.0488551963979669	0.125490798590856
158	miR-625-3p	7.0175323383378	7.54295684553753	7.61863682356027	0.0140556274678464	0.0218635392268807	0.987907230506534	0.0213913154182126	0.0679336319948085
159	miR-424-3p	7.26962301940957	7.2208619606978	6.91070683366604	0.402572453592631	0.0758982180115818	0.285948934845011	0.188092624436743	0.317937210338237
160	miR-199b-5p	6.17490389159804	6.68959723189774	6.52602448140751	0.15805757683527	0.20251999218501	0.896290999864999	0.289053856061178	0.426659776270584
161	miR-125a-3p	6.98470142310892	7.0111963786009	6.44159498531142	0.460752283037852	0.220386937109403	0.069370586126182	0.17142119416841	0.297226568243944
162	miR-329-3p	6.40029660279671	7.30279323381095	7.07365276414806	0.0134186373045837	0.184786153723812	0.15162377796178	0.0349162594406075	0.101645110815991
163	miR-3177-3p	6.5243888369809	6.84327933071113	7.30254046932618	0.0924798092229232	0.0181876287883187	0.491373151469657	0.0494574054421864	0.125547559083094
164	miR-576-5p	7.08014407351923	6.71763117327696	6.88436982461038	0.225234713976464	0.374056589018834	0.702500165585866	0.439466251753832	0.57507846435142
165	miR-6734-5p	7.28366628347194	5.77936936865191	6.66724555765726	0.00389132208341762	0.412286413794326	0.0771268234079148	0.0164261104778942	0.0585247844688958
166	miR-3130-3p	6.40888179400987	6.58417102896725	6.71678510122164	0.360517021345887	0.415584098254837	0.929948839362514	0.599084511083243	0.713679886474753
167	miR-382-5p	5.32332964327251	6.85214583958144	6.8556574846054	0.000925425444900487	0.000326856508771009	0.987907118450083	0.000301546613769852	0.00287291682937096
168	miR-3173-5p	6.38169173901762	5.94731574459148	6.96789181055521	0.440863475857179	0.182888095402612	0.0593640096537463	0.141754094776271	0.267191171448798
169	miR-25-5p	7.16773506049457	6.29189199245847	7.07206212607442	0.0114792772544631	0.806828471628398	0.00881165699570583	0.0117033667707373	0.0447632422471994
170	miR-454-5p	7.2139163000699	6.67039870033706	7.24486864831988	0.0223373013017163	0.760418794689577	0.0288445348177283	0.0344135569590076	0.101307324980449
171	miR-152-3p	6.00219266647676	6.78711467581009	6.9415074432645	0.00578431881401526	0.0193454709000595	0.768728550437056	0.011192987285356	0.0437695920710935
172	miR-4685-3p	6.18816275874593	5.12227049519835	5.97121915332552	0.021667602206383	0.712690962879497	0.131813997563516	0.0751804838114315	0.167636483051873
173	miR-107	6.88461760811011	5.8682954210717	6.03646410401247	0.0158801888067098	0.121008497489354	0.548339105113005	0.0535090397622606	0.132258192619927
174	miR-323a-3p	5.98311583359113	6.75897539758343	6.68783759947807	0.0357448000284333	0.0480955311214627	0.673482337672565	0.0561182792322313	0.135511420818844
175	miR-26b-3p	6.85263185104381	7.04966661802086	6.72222153806836	0.0511392103522493	0.47026262229859	0.0351375145610299	0.0549868655451447	0.134640736194653
176	miR-766-3p	5.84383989148017	6.94991643427428	7.14587335219916	0.000231005519078593	0.000131761391233629	0.83432190843068	6.8000492628243e-05	0.000848387098504746
177	miR-889-3p	4.83777035886219	6.65525901236956	7.01080392223427	8.65291769777336e-05	2.48717523105953e-06	0.499049035603911	2.49414765898469e-06	5.98660200442493e-05
178	miR-1273h-3p	5.87168490744486	6.84223591465597	7.0793908628461	0.00443363673101961	0.00285285846445271	0.773363246532617	0.00300613282102137	0.0176990291934292
179	miR-483-3p	5.18025769482454	6.10302968718529	5.96046969782496	0.0661595282137133	0.0564447961364677	0.872358134440006	0.0916656412210345	0.190606333332627
180	miR-345-5p	7.05358443136716	6.34839592037841	6.05062888145181	0.37519307309459	0.00296198080015661	0.11562977614016	0.0180289753048764	0.060949568127453
181	miR-1343-3p	5.92134913043576	6.10284879096195	7.07387785052239	0.90325616634413	0.00233800382443858	0.00446366441751743	0.0032203262223613	0.0185434169287618
182	miR-92a-1-5p	7.40083524404468	6.36204471619401	6.50661700114295	0.000177765460579591	0.00444035115660245	0.487569587660267	0.000444990050149022	0.0038198920909481
183	miR-4446-3p	5.81609531488696	6.51984374834259	6.66635184606851	0.0171206730100577	0.00600870340411029	0.829584910073198	0.0110147756916952	0.0435206890694962
184	miR-133a-3p	5.47151155576698	6.66975575361761	6.42284638487083	0.00463243853295025	0.0157970170922091	0.411367921956826	0.00730992386443493	0.0327384624355889
185	miR-1226-3p	6.15615685289506	5.97460989418699	6.54002397150855	0.674560905178037	0.491747915465532	0.345813029517211	0.601491677101514	0.713679886474753
186	miR-194-5p	7.30751950435739	5.19312703899707	5.85889223646666	5.98107320905753e-07	0.000948627061848105	0.149882804658074	2.43579602976213e-06	5.98660200442493e-05
187	miR-433-3p	5.29039037753233	6.09841274074472	6.47825766738328	0.157220608162179	0.0174917900287297	0.335054289765718	0.0554921074150234	0.135245880397545
188	miR-202-5p	1.24028167309646	1.43271291476268	1.26220957030045	0.652605531991805	0.459012709521211	0.265033664597734	0.513812716701725	0.641042532265961
189	miR-34c-5p	1.03944644077823	1.21628461906597	1.21707717506744	0.756293194074378	0.474009827238115	0.339741980316084	0.601504799297175	0.713679886474753
190	miR-494-3p	5.88761754421541	5.95931563847747	6.57293010107756	0.822940459349294	0.147901590673014	0.217295455407045	0.296039608812517	0.433309371557985
191	miR-223-5p	5.8911157645885	6.79540999918554	6.4014826572421	0.00235397663973947	0.0437389660623042	0.139875526093687	0.00533189317772015	0.0266086859535749
192	miR-5189-5p	5.9486377330243	5.34887395292284	5.57041860108378	0.0831898640176313	0.598493905573544	0.28155456615753	0.221648255738588	0.360694677040435
193	miR-4326	6.27431589900015	6.0070365083761	6.73348899757	0.2337825000048	0.524937998124403	0.0972872924028995	0.219175434013201	0.357781705367344
194	miR-339-3p	5.82913423138881	6.09132873407593	6.42709844566085	0.0765351248689969	0.0271501747401086	0.983068548477813	0.0673809443806692	0.156228384316242
195	let-7a-3p	6.0544624185376	5.78354276690988	6.69485430770207	0.552557784605985	0.0173582031869764	0.00954802832550497	0.0151322207256209	0.0558400257762348
196	miR-10b-3p	5.84160629388807	6.04179959501137	4.96471829664444	0.761209802678334	0.0369654200063408	0.0288011642080004	0.0477102959300059	0.125000975336616
197	miR-181a-3p	5.79137966739151	6.09879083969641	6.0719853444171	0.767542979671048	0.343891922489124	0.465053609594585	0.602897307302261	0.713679886474753
198	miR-3138	4.74250413549208	5.91998127969496	5.66341272002063	0.0163233283972188	0.0445231294539381	0.686743575072187	0.0333968851284989	0.098869874617703
199	miR-543	5.67482535598192	5.93082057849816	5.82003378261813	0.413457638991193	0.319561665876221	0.874739203012491	0.57101915674252	0.697468620356831
200	miR-320d	5.63166180780258	6.16496035549094	5.0360792173789	0.0798698707031489	0.159497076889361	0.00873038218764863	0.0196324243173987	0.0642961896394807
201	miR-493-5p	4.89284657484633	5.57559327944183	6.09138409278493	0.206682095677457	0.0163014821071157	0.255622271976433	0.0544320060404586	0.133907845846011
202	miR-95-3p	6.32073201567625	5.09283917070293	5.00098216987876	0.00318161668477622	0.00701479363628015	0.891327230262013	0.00429569829471784	0.0227368273376985
203	miR-191-3p	5.26857586004577	6.24691078876167	6.5886120600133	0.00587850901091318	0.00160055269523553	0.910696527051586	0.00265641360497869	0.0160172837607061
204	miR-200c-3p	5.66204676967984	4.98065264235943	6.31763965247358	0.130744009651743	0.0364956949207156	0.00119150595934157	0.00350355955490765	0.0195304809231022
205	miR-331-3p	6.18174820960852	5.8397200598328	6.74780843894938	0.684678921244313	0.0686142468963083	0.0362008545353531	0.0746109410362873	0.167077491893224
206	miR-1271-5p	6.09297779080095	6.15947977343032	6.49863016901958	0.280053282363625	0.230299939859417	0.954070047576471	0.411082314888718	0.550913383636031
207	miR-320c	5.69482829081706	5.99808863714835	5.70335362247729	0.159691576485949	0.749486593105531	0.474365565828136	0.417987334305007	0.557316445740009
208	miR-146b-3p	5.42953230171375	5.83001870686866	6.12462634192186	0.658440667634808	0.169080947713625	0.36633728354256	0.378860825167938	0.521057932776902
209	miR-550a-3-5p	5.66034270092349	5.06451838053315	4.98053849561894	0.0683893917257125	0.0865960912909512	0.980609152913038	0.118301416802751	0.231841473935301
210	miR-654-5p	4.39221848482273	5.23685870310782	5.62104399527985	0.100517667229159	0.00725552375075821	0.404186911209248	0.0279933146132613	0.0843017060767181
211	miR-181c-3p	5.21191487036309	5.83767888800822	5.76767600012289	0.037199696662014	0.122353991197392	0.731813391981794	0.096591088620129	0.196940585357773
212	miR-18a-3p	5.97364632617779	4.51417198558018	5.19825762683646	0.000685694497730786	0.053572892949184	0.135038254440602	0.00260450415947837	0.0160172837607061
213	miR-1284	5.56637812977493	5.62234368331523	6.06451227428758	0.775996432484621	0.296369300055295	0.41482411662012	0.542123756596484	0.668406702250723
214	miR-362-5p	5.90661688312683	5.03573315348981	6.09879999672689	0.0760514954910461	0.970168380226836	0.0731312583714197	0.119017855894267	0.231841473935301
215	miR-660-5p	6.12649266411759	5.01959364112941	5.18638045795066	0.0352613351283257	0.0352227266704309	0.903453949804526	0.0486705685236902	0.125490798590856
216	miR-7706	5.56952619732691	5.04378869748055	5.39387168587017	0.224910033089642	0.500778390631183	0.574742347832596	0.465408748874722	0.599199470295711
217	miR-885-5p	5.15993669679284	4.22532513599672	3.90980567920756	0.0408319132564783	0.0229780562187813	0.665875361720515	0.0390949937436327	0.11008910126457
218	miR-6803-3p	4.41808217236819	4.0524600344098	4.33156718027027	0.445892394958763	0.997702050968746	0.53686049213287	0.723558508665495	0.801961003171068
219	miR-1908-5p	4.26669828668336	5.74728990873037	5.30630009272272	0.000361756934667099	0.0124208501055984	0.265920581987398	0.00102287307953917	0.00754909146026092
220	miR-1292-5p	5.14433736315872	5.00030264781148	5.92222976983452	0.668445729832775	0.0946362862731829	0.034341776915737	0.0857361387025116	0.18412187163982
221	miR-550a-5p	4.90277921045352	4.24636215034586	4.6088132925227	0.102486685535701	0.695214211853764	0.295548202052268	0.265527831215733	0.408025171721537
222	miR-4662a-5p	5.249889832184	5.24968073946487	5.75208340620631	0.997795719871348	0.104076642216396	0.228747417545835	0.26116834744402	0.403193630070706
223	miR-142-3p	4.61374762276785	4.12371631879089	4.7761662787293	0.302733742558043	0.800103346507411	0.198454675087004	0.395864411247255	0.534621009004025
224	miR-34b-3p	1.11615951770495	0.976226713307927	1.36228383179139	0.561277462198197	0.403542063387045	0.734299940649096	0.676009691999886	0.766729607376494
225	miR-1285-3p	4.9961276023931	4.64894036731388	4.84937860179564	0.362373511927164	0.829021308626373	0.521638382737321	0.646002587130128	0.750566198794207
226	miR-5187-5p	4.21797982242184	4.32853940113715	5.6754885910081	0.87897395171412	0.00387620736681342	0.00725326708597977	0.00578876593031907	0.0280862346989555
227	miR-642a-3p	4.42730535052117	5.1566844198172	4.19346066080821	0.11669740126624	0.386376317166748	0.0358507739602969	0.0800565636714133	0.176258988923616
228	miR-1468-5p	5.25574703645358	5.2218466915012	5.77357316660513	0.962534843532331	0.188608466468004	0.100949988011512	0.237248733646198	0.378780836422002
229	miR-331-5p	4.80684423967665	5.60350712323329	5.05200169520183	0.0374076722561336	0.729875657608457	0.156865164035295	0.113261697891024	0.224807309450366
230	miR-495-3p	4.85509250992216	4.92353322381024	5.03899541436452	0.894503496090822	0.723455454679228	0.782634932146398	0.92891634975353	0.951977226003704
231	miR-3074-5p	4.46543878627584	5.21731332488839	5.04457807775113	0.0590133017128473	0.177020216669112	0.582914253053338	0.143346043767021	0.269223394028383
232	miR-664a-3p	5.59210661796607	4.40494051441092	5.17136179220517	0.00168362581297008	0.312623535856641	0.0361831560172767	0.00569389003964197	0.0280687176856499
233	miR-30c-1-3p	4.68846693997674	4.91963255794339	5.34825456893341	0.690523687636025	0.0641522944474285	0.173130471837886	0.163584781134531	0.288614226648128
234	miR-200b-3p	4.29325188988322	4.0264210170182	4.76717246160313	0.437345515225399	0.432139809516961	0.134860966156649	0.318707130729621	0.45750213488558
235	miR-6721-5p	4.69480940968281	4.25204659481317	5.10628444950402	0.258355693974088	0.214894409924845	0.0372334283469033	0.0942573080321328	0.193369696448033
236	miR-421	4.38925806488437	4.96652959156986	5.17185337828501	0.111254909028222	0.0610946432392644	0.620936872410272	0.118706351433644	0.231841473935301
237	miR-374a-3p	4.781119415681	3.53907818616131	4.82509543143756	0.00445226048418644	0.935790004979436	0.00517267161972205	0.00486964727292906	0.0252643086239092
238	miR-485-5p	4.2285444915265	5.27572393863059	4.9756097193427	0.0339490418361633	0.122225729850366	0.506661792084239	0.0823785007726221	0.179859726686892
239	miR-197-5p	5.02146540432948	2.63381816445658	3.73640003508714	2.847408374228e-05	0.0240811807630908	0.0364943318302003	0.000104106901883788	0.001212267035269
240	miR-6511a-3p	3.98074999528472	4.3177056030705	4.68749716179914	0.340408988811841	0.141425956409991	0.446701415910569	0.293938544290712	0.432423908736979
241	miR-4433a-5p	4.06424939834519	5.20566846750857	5.44251263257157	0.00540387987626843	0.000605192604640898	0.384283868414389	0.00104873963312286	0.0076324939966164
242	miR-30c-2-3p	4.55016628831006	4.33880407475742	3.631921145631	0.534239217829717	0.0551556858032793	0.108788396512588	0.111683573637723	0.222517842532954
243	miR-1224-5p	4.02983660928761	2.98051105795775	3.47393373194615	0.0650831997227519	0.441115111374409	0.240183161469884	0.161004274648549	0.28695999971374
244	miR-125b-2-3p	4.28208738313183	4.47799183032144	4.25086951774608	0.831436304912752	0.87183597581535	0.704003985560728	0.930176220828047	0.951977226003704
245	miR-181d-5p	4.15700174199425	4.8911378611497	5.13355949530943	0.0669579240286203	0.00677382778990776	0.770960255807364	0.027060671773994	0.0819641156622708
246	miR-200a-3p	2.09504982425705	2.88877802966043	2.54147684182037	0.10298317772869	0.4585538504654	0.441118844578871	0.273673890020313	0.410902917967461
247	miR-30d-3p	4.4926348841775	4.70617937939467	5.12712812066168	0.595718722097081	0.142271146793032	0.442822702089582	0.36350541503592	0.505243600739581
248	miR-1-3p	3.38114754104102	3.95604253360964	4.00780110914347	0.261734021231847	0.285515467263296	0.934717749751223	0.440155779227133	0.57507846435142
249	miR-4659a-3p	5.0038853251639	4.04162021420307	4.43997745021859	0.0249402072911708	0.296148248224575	0.300872648738943	0.0863818757070654	0.184751440287764
250	miR-1273h-5p	3.19584151979311	4.838573143649	4.07832418819018	0.00232324947841782	0.0418894866476288	0.200109835454995	0.00604281268401223	0.0290498518020404
251	miR-3909	4.50340935778905	4.77606039840406	4.70451643449975	0.752688914929569	0.742806530565913	0.937156111032199	0.930034398045151	0.951977226003704
252	miR-184	1.06952831126397	1.20257514315791	1.02435349889082	0.88809091369979	0.26645416599264	0.172785600223787	0.35983135033146	0.501467094610865
253	miR-32-5p	4.43659665795207	3.6318789606318	3.53194960733594	0.0642958782027285	0.062842130262438	0.810485890476309	0.094470691394459	0.193369696448033
254	miR-6735-5p	4.12134511772896	4.30890273156229	3.94103268427249	0.966923030545766	0.516854463938644	0.550993505229716	0.772764981241681	0.84091665305011
255	miR-548k	4.71418044047428	4.15829241883131	4.59703622705771	0.104745477465855	0.993113000577377	0.22507215800214	0.253787854833477	0.398100161559221
256	miR-5010-5p	3.92293593910641	4.16842501157276	3.9790479060819	0.704905909411998	0.94719166036121	0.709115784905672	0.907537877345988	0.943551285177178
257	miR-26a-2-3p	4.01269927786355	4.0649466721958	3.72970828722019	0.949299463686997	0.491381902234114	0.483404855975376	0.725438006685279	0.801961003171068
258	miR-6780a-5p	3.36430676458542	3.37935129499917	4.12379382674632	0.993375168514515	0.209998638902293	0.16077027767192	0.312368048564618	0.449942830423629
259	miR-1296-5p	4.4240367361198	3.9229659796429	4.64282096408444	0.189209260621312	0.701942328431652	0.0994729852643848	0.217362161219966	0.356746716971509
260	miR-1260b	3.15798552390266	3.59666933008314	4.33115022045876	0.282138143040235	0.0186410158948062	0.129467148591938	0.0498356723077929	0.125547559083094
261	miR-504-5p	3.99481483015532	4.53892379165661	3.64300810572868	0.391275546800854	0.504107591651997	0.0924639593383128	0.267257875283983	0.408756857727739
262	miR-1976	4.92087632641359	3.79680201750415	3.88846382110189	0.00735189053905651	0.0446109516095755	0.684392714889522	0.0205801388783918	0.0657560534894957
263	miR-193a-5p	4.0603637721696	3.84130954670054	3.63294852709392	0.552206890081831	0.408473478902458	0.679575414455732	0.66643315422048	0.757507533213734
264	miR-3184-3p	3.33284665445836	3.75200257519783	3.83233955318455	0.211243143586161	0.260611102556869	0.936372509350516	0.378642553257601	0.521057932776902
265	miR-106b-5p	3.27622818159779	2.78186796333	4.0637850902532	0.41114661281582	0.195143566364099	0.0171250512333899	0.0720387386563175	0.163397765746532
266	miR-4508	2.39144924182866	2.41719729014589	3.25960932225067	0.851428392108241	0.0973587890954674	0.0815695443010892	0.14731476388484	0.274707958276356
267	miR-193b-5p	4.10088345234007	3.03075983814254	2.83540929279454	0.0312183493531195	0.00753265598002989	0.888290133765007	0.0183941668708188	0.0615643316753557
268	miR-411-3p	3.28943344959752	4.26188712712365	4.0063339357435	0.0557792018941688	0.183524291238425	0.891453761582025	0.157967615196424	0.2844749105917
269	miR-10527-5p	3.84382161997999	4.0363089567459	4.79955990640059	0.574105877319571	0.0256120952180588	0.123185819635489	0.0775858624535237	0.171540050319183
270	miR-652-3p	3.87812474113642	4.3731294365515	3.79750509311809	0.249857317351916	0.91973967317641	0.167265047232445	0.340376781266309	0.478170062690471
271	miR-1270	3.57786798347595	3.70296809127689	3.15139836499189	0.597728083306681	0.51431857220947	0.267681079583854	0.527325200660297	0.654782950582928
272	miR-185-3p	3.84163476753237	3.75880789638573	4.42228671672614	0.951512335660444	0.082195425623387	0.12710841633817	0.169980480319963	0.297226568243944
273	miR-4659b-3p	2.92352462884648	3.90106380439406	3.94409482981291	0.0242836352985935	0.0294723968020156	0.862332906435452	0.0351235208775404	0.101683563203487
274	miR-4755-5p	3.75882529430948	3.44370533135433	4.07066180564271	0.519126143035638	0.667823318848576	0.159526940813312	0.434105030883682	0.572974902224306
275	miR-505-5p	4.1083822708932	2.63036780950421	4.64360288483108	0.00257453632194943	0.28047340444079	9.58666025672114e-05	0.000214435705025297	0.00212008131006143
276	miR-4755-3p	2.67103527207527	3.61161048849642	3.48134630515526	0.0333059505218158	0.105700837368189	0.738945161396235	0.0837398862474395	0.182073445616839
277	miR-3143	3.83437794268227	3.17957564093868	3.21042770021981	0.148254993511168	0.159508756843855	0.859684600808503	0.247475824158721	0.389455646406601
278	miR-6837-5p	4.03613163840914	3.11926399409493	4.02258332045281	0.0453172677509705	0.753449850531148	0.0524994393914479	0.0726558767537061	0.163397765746532
279	miR-1304-5p	4.06352189881822	3.33333281173551	3.61276315547554	0.0863327030158126	0.281484031102486	0.732263944028404	0.236786044041868	0.378780836422002
280	miR-148a-5p	2.71826540356981	4.38321332744047	3.34502625604877	0.00133256626700438	0.207750399893823	0.0513183102295963	0.00493022228361595	0.0252974231995336
281	miR-379-5p	2.42548007845231	3.55527285198494	3.11573613774292	0.0417505468149579	0.168538408987703	0.445847454136754	0.104930691237072	0.210665449073663
282	miR-2355-5p	2.91477838931758	4.05671665046706	4.02110205085498	0.0175286754224331	0.0217853209431264	0.958873966079254	0.0243518900986373	0.0759547048314641
283	miR-141-3p	1.10540296844524	1.00549126725923	1.10442231998199	0.924817855351625	0.7839581640106	0.76506599704947	0.943370694345449	0.96172420979964
284	miR-487b-3p	3.11539149652528	3.67563797201576	3.6186445654957	0.194821385676287	0.2985557259531	0.822360100025626	0.382165596202356	0.524121667331255
285	miR-145-5p	3.35959426444245	3.18282798206428	3.54623388073589	0.654251169116705	0.680587905853054	0.387165503485413	0.690031145531388	0.779259310901826
286	miR-1323	4.38888571262727	3.29510743714004	3.07052520663326	0.0104048349280869	0.00292149774720688	0.676289413384859	0.0049725850945648	0.0252974231995336
287	miR-3614-5p	3.00915091551847	2.56812685418485	2.65869458783444	0.345717739127678	0.573918710981637	0.841163542468901	0.652716812571783	0.752498340804675
288	miR-215-5p	3.58631422181242	3.57947660739691	2.9959216642831	0.729750149305088	0.132263830272788	0.307913636269484	0.319553017878096	0.45750213488558
289	miR-1538	3.84745939768684	3.60819234636616	3.27848713886782	0.66431487741371	0.361198194256009	0.466319592432088	0.599031132123055	0.713679886474753
290	miR-4286	3.31945328191176	3.77703249358424	3.594298543278	0.325685451951219	0.70392403069242	0.498316615471324	0.587832186901336	0.713018671148842
291	miR-4466	3.17201891951671	2.21786065822334	3.00855495460256	0.178691177488438	0.882989634178062	0.0769899437555869	0.195102483553387	0.326040245694225
292	miR-19b-3p	3.57086173343924	2.88648440977843	3.31781693038218	0.0651045988466378	0.409965575084452	0.384971870298113	0.192331310890682	0.323017970854864
293	miR-222-5p	3.48089918938127	3.27543337195013	2.17770561905436	0.979989870857613	0.0216348032110659	0.00605222426591837	0.0155797407282244	0.0563019595971697
294	miR-6767-5p	2.49066135445394	2.96532141334633	3.19606106163446	0.194132408440834	0.111429572516732	0.701460438326733	0.227616159414775	0.369259651806012
295	miR-1307-5p	2.67064540153638	3.87891289624337	2.90095698062445	0.0177876800118121	0.621394517700485	0.0569518644768399	0.0411313580012403	0.112254331211718
296	miR-30b-3p	2.75742731009563	3.5010040358816	3.75570556020935	0.0855318977783772	0.0328322081146135	0.541559184744002	0.0694836034689762	0.159271208900935
297	miR-656-3p	2.25792050893679	2.65922086326191	3.23484589627991	0.194435289188601	0.0285966065446614	0.242852086619584	0.072593405572898	0.163397765746532
298	miR-6862-5p	2.53862211635211	2.78038497387241	3.36086141100149	0.434365225199186	0.0448045780414804	0.189224680261883	0.119612029646281	0.232135939017226
299	miR-12136	1.95541875323391	3.50979882088022	2.50024184167959	0.000821957639996222	0.324329696377229	0.037960596155734	0.00377809905348247	0.0203473363096459
300	miR-664b-5p	2.40849752337533	3.18439861603621	3.3114748928485	0.0778514645669148	0.0594699434460433	0.857387235239527	0.102614490878674	0.206807666232404
301	miR-7849-3p	2.18662979416229	2.99132100328134	3.66196688551639	0.0452828428362006	0.001559365062778	0.155544249326355	0.00457328932710633	0.0239640360740372
302	miR-382-3p	2.62783051127159	3.34096186831459	3.2468781460945	0.116465195415635	0.243381635282332	0.893244421195421	0.269599165453004	0.408756857727739
303	miR-369-3p	2.09390627605536	3.09698835200074	2.38971583328335	0.0424854063892758	0.504007300178389	0.178660862776731	0.115310910179167	0.227748790202786
304	miR-4665-5p	2.2774293822346	3.36399294029137	3.35663926661441	0.0319524537842721	0.0218272627267677	0.922621694465049	0.0354842014639436	0.102163305313772
305	miR-1287-5p	2.16255495854285	3.31353496557617	3.74394691544828	0.00869300316216426	0.000740651079700225	0.347422497176622	0.00154158921595184	0.0104908149241398
306	miR-1303	3.17226781565742	2.53581262133663	1.85948999339519	0.326899917206038	0.00737997832896161	0.058130276437281	0.0204553298374377	0.0657560534894957
307	miR-619-5p	1.03192195238039	3.02303201733491	3.01217065118315	2.14357595185073e-06	2.80553659049836e-06	0.936637504211653	3.1621154216989e-07	1.36924773897054e-05
308	miR-758-3p	3.02174120889891	3.11398592546817	2.99998424694806	0.905327917596882	1	0.869815794295602	0.986262244664161	0.991543538425444
309	miR-766-5p	2.35816438721218	3.0153126880463	2.9283576144082	0.17083758369855	0.337681022811033	0.886245381917391	0.38408916079237	0.524121667331255
310	miR-4485-3p	1.39591953573732	1.88621699271443	2.44486097849838	0.0888665529224781	0.00264103059401498	0.171481949162511	0.00973120663843895	0.0401508053428505
311	miR-363-5p	3.04633232232371	2.40682180788471	2.59591361527316	0.23066472233621	0.473937444081182	0.767505636812826	0.497295301472378	0.630950939398368
312	miR-143-5p	2.34249005320112	2.79378847520209	3.14676718650154	0.323952149134273	0.0926405493172742	0.478597039293726	0.234296394879177	0.376599113241377
313	miR-5001-3p	3.229590594253	1.7536109166069	2.50183244164657	0.00454261905245392	0.12269629967296	0.221984368167844	0.0171405085163677	0.059480969950839
314	miR-323a-5p	1.88067589867918	2.8730481150951	2.77692909477996	0.0508442758686417	0.0331534440459471	0.97333167037255	0.0592427183308119	0.141749700481029
315	miR-1306-5p	1.16172702424656	2.25049052332319	2.49332922356323	0.0120778361202301	0.00343539403853745	0.696603218223304	0.00662064144469277	0.0309751439019554
316	miR-214-3p	2.91227754399467	2.09814029517738	2.20777112074846	0.0737264906427192	0.0635320353960409	0.851930008659576	0.10247369331027	0.206807666232404
317	miR-590-3p	2.44045850252252	1.88299985448887	2.54849758792359	0.281029994033676	0.840920159087314	0.187540596166749	0.375995399890201	0.519845882697798
318	miR-499a-5p	1.70253386614768	1.6871652630434	1.81916140664357	0.970828716380404	0.642514552404155	0.615250871433229	0.855046662871119	0.906179722371567
319	miR-532-3p	3.13863742251046	3.01149533004018	1.87856326454444	0.798765900000907	0.0121101638539721	0.00891619376288356	0.013268433489723	0.0500191305655744
320	miR-3120-3p	1.82302695646767	3.23935879863066	2.86650749991689	0.00134156542863695	0.0128981279827243	0.407111304537369	0.0029504697833044	0.0175687064369489
321	miR-26a-1-3p	2.68630265533109	2.86518042134272	3.00807591865934	0.695847890408132	0.58327099578019	0.721989644176632	0.82495919938211	0.882201266278011
322	miR-503-5p	2.55424177987798	2.69428501762218	2.43082312479501	0.880576624719012	0.659407964744256	0.451002630391414	0.774701608945686	0.84091665305011
323	miR-548o-3p	2.99487283084694	2.03170719523583	2.7269447254962	0.058918451645908	0.562707908579555	0.349942981744966	0.198749084573548	0.329571266824492
324	miR-22-5p	2.07813284512834	3.07393519465695	2.36729665318416	0.0159090915406387	0.580338203543252	0.0628857418888493	0.0392875227795315	0.11008910126457
325	miR-337-3p	2.29237138501278	2.30868352159684	2.56773074578059	0.991109442799699	0.697819889769275	0.642840803762953	0.886185619083579	0.928722528799591
326	miR-1306-3p	2.91936693941215	2.37758800079288	2.17276816538492	0.499324154839547	0.33575756264022	0.584810401454654	0.570895059715845	0.697468620356831
327	miR-381-3p	1.38848382949392	2.86591608837116	2.47494657124737	0.0117739697352542	0.0185822940907878	0.666850678659907	0.0170862943252036	0.059480969950839
328	miR-516a-5p	2.588916701147	2.17418124371338	1.68284228395488	0.446200280472742	0.0609061206668438	0.204578445310925	0.150375243728723	0.278433313476505
329	miR-3688-3p	2.69093856885449	2.3740851556672	1.86265637165356	0.672213237146787	0.0621111884897105	0.158427905239495	0.153565378400845	0.282344765901904
330	miR-301a-5p	1.76630750953634	2.83296289782715	2.51987246014464	0.0154193489127695	0.0900914059249135	0.611029107431829	0.0470177240379864	0.123908432787503
331	miR-205-5p	1.03231502567777	1.48381278182159	1.30532475064956	0.314942327425243	0.851420371630191	0.492227784867943	0.599412791312862	0.713679886474753
332	miR-3605-5p	2.76012827684187	2.50094275344446	1.99194137578534	0.610857892432424	0.12251819965658	0.254394772409507	0.268984564361664	0.408756857727739
333	miR-4738-3p	1.79530542829254	2.65292631279283	2.8042386275701	0.0623036282991026	0.0553014445902966	0.868843439879144	0.0875013648764601	0.185630425891762
334	miR-548e-3p	2.51498388644624	2.8507456173632	3.04831899622946	0.315852919298705	0.141141540949774	0.6102605287149	0.312555706630155	0.449942830423629
335	miR-203a-3p	1.72631628414492	1.9108032743008	1.89819455852558	0.523807062176429	0.853365684922162	0.534998275240706	0.758966851460362	0.828538812844228
336	miR-627-3p	2.38779470713568	2.20344098419277	2.02706631012634	0.850929918757041	0.487004812611485	0.461167088676384	0.707660190890823	0.792124134174853
337	miR-1304-3p	1.51269905026135	0.717326632171819	1.83094142439174	0.368536216930198	0.217207849959449	0.0260313700649657	0.0911664113762814	0.190606333332627
338	miR-4717-3p	1.38047223436155	1.87414457947057	2.47826611109521	0.205549414184037	0.00652779186023124	0.152124781947592	0.024771550446185	0.076632246460664
339	miR-11401	1.98104989186221	1.70193559820986	2.3595441796318	0.899032590567435	0.194700434381901	0.186252938740623	0.321778403468199	0.459432924842878
340	miR-542-3p	0.804935357808502	0.775069106842233	1.05002849220605	0.988201722798485	0.9179162423159	0.94552979402352	0.994454688485938	0.995100955480273
341	miR-6511b-3p	1.98455442808456	2.34312580288271	2.20859555363264	0.638074992039286	0.777873053172753	0.87610782650351	0.893596069294764	0.934619441737438
342	miR-4449	1.82292102989206	2.74032832087399	2.57951008782592	0.0174289074126235	0.0533033426539643	0.720487648459028	0.0390116532321588	0.11008910126457
343	miR-1229-3p	1.19015479369383	1.59651723635564	2.02553810851951	0.244955856199711	0.0659031262891017	0.519904278042186	0.177687812027753	0.302300043839425
344	miR-7854-3p	1.50583142617175	2.19683348476898	2.37930150544533	0.0310598011303671	0.078050972481845	0.940249805772398	0.071133018005598	0.162059571456232
345	miR-29c-5p	2.49055207504977	2.42538010211809	2.05781771223509	0.935533539657401	0.562192063968094	0.441978137048964	0.735659094517543	0.811426006272177
346	miR-132-5p	2.25435214247501	2.67996180778759	1.82308996318537	0.28839806223014	0.25605355557491	0.0463304624362892	0.121488839964464	0.234908310484795
347	miR-195-3p	2.07428425989188	2.28367909065543	2.0421262302874	0.997770982444533	0.895520876700536	0.980331185215067	0.995100955480273	0.995100955480273
348	miR-27b-5p	2.23735716253882	2.64943723884138	2.52378382500019	0.346897842111946	0.666978498471118	0.527787033676494	0.608886473173305	0.716980925714184
349	miR-29b-3p	2.4597063658371	1.73968260902736	1.79138173634038	0.202408057190839	0.128166049377128	0.576509050632257	0.237822319051219	0.378780836422002
350	miR-10398-3p	1.7019585321109	2.2399273645571	1.70506391249077	0.164274911150513	0.758107956609455	0.217828084649547	0.302318370851429	0.438822233590439
351	miR-873-5p	1.94641692211274	1.89622593268481	0.902484296855074	0.447071722367178	0.121192365021455	0.00680730893883897	0.036251308792224	0.103303211955084
352	miR-6747-3p	2.93165677646125	1.63904367576177	1.94079264679571	0.0020286900643908	0.0445723770000961	0.20243480127719	0.0057315892984056	0.0280687176856499
353	miR-410-3p	0.9957275613563	2.32504199969826	1.6045764043295	0.0114587537840443	0.383664911065445	0.155254301820337	0.0450743650808791	0.119893235037465
354	miR-4742-5p	3.14104030213561	2.29346109087574	2.64683121333704	0.05224768722171	0.344952111064303	0.402889084115243	0.160358690067486	0.286784824557552
355	miR-5189-3p	2.15143333478731	2.07145824988928	1.82911535810943	0.776386655544239	0.569427473052786	0.762521960873118	0.845018669014669	0.899979232853021
356	miR-451b	1.5409934934995	2.04769996204462	2.05879118534064	0.0622761995584615	0.221009634820039	0.488628705910149	0.1546854604934	0.282569669873617
357	miR-6509-5p	1.95778510976086	1.69306676156779	2.19012873497713	0.75459093187679	0.622030740864122	0.320959334498747	0.648970751126871	0.751265972642211
358	miR-326	2.66257209399807	2.42885003344766	2.4013647637114	0.922838578523295	0.701194453452875	0.545747972857019	0.851560512639155	0.905106914042428
359	miR-1299	2.04828336784359	1.62606038785028	1.77812547775371	0.637265086155344	0.645055890807549	0.96052424686202	0.860554064307182	0.906781755584002
360	miR-651-5p	1.68936719866503	1.75327292879971	1.89248290201575	0.811433715177824	0.592710752159508	0.755617378574999	0.861615941322417	0.906781755584002
361	miR-371b-5p	1.86283142415109	2.07524894433329	1.32268315625939	0.894957789969631	0.194598600521474	0.162527819875214	0.301188903377307	0.438397181582524
362	miR-365a-3p	2.42775497683597	2.42259641720131	1.70371585950738	0.83863594309723	0.0441517929388067	0.0723162175352188	0.0893301492515169	0.187987944609618
363	miR-629-3p	1.41711498606105	1.56551339434881	1.3177677164099	0.868813255036506	0.425544589122015	0.555014248612974	0.713374299558592	0.795336453124898
364	miR-15a-5p	1.79403888123907	1.27294708055309	2.18811282748338	0.317617277814237	0.519608312713584	0.109076409705364	0.268684659796267	0.408756857727739
365	miR-3679-5p	1.81283044380567	2.33850488051295	2.26148496380988	0.110003830470653	0.158752393730212	0.86135613095245	0.209795191963241	0.346790790500752
366	miR-10399-5p	1.68041231553717	2.13226222270828	1.87014852751029	0.206253415263735	0.857758773348845	0.199203972759726	0.333608179166701	0.471384474398223
367	miR-5683	1.20924247231726	2.25703030907157	1.47638520104205	0.00590616314632354	0.136680992892842	0.152156364733399	0.0178003094649845	0.0605672867509863
368	miR-939-5p	2.3151825906073	1.80411799337221	1.67896411756516	0.623872099236991	0.414773873898804	0.612070907579594	0.678315848603394	0.767683595395634
369	miR-365b-3p	2.44108586650216	1.54273992551237	1.70510348985989	0.022089115006906	0.0447660353146286	0.847404835198876	0.041073407315772	0.112254331211718
370	miR-2277-5p	2.11826224854262	1.90496497998268	2.51638417031509	0.828956691847219	0.262987588485122	0.163344826168488	0.342129786355884	0.479347615108244
371	miR-598-3p	1.34319201253347	2.53942447211643	2.03342193346817	0.00423876785383278	0.0283326435382098	0.373117444676966	0.00924173630002649	0.0387413585697111
372	miR-3127-5p	1.7082631994971	1.94166894587477	1.82227781898521	0.353353727846967	0.478575713828675	0.865015214697904	0.620647924341512	0.729191731737561
373	miR-4646-5p	1.52748556000591	1.53262020718531	1.0270008791616	0.984244780513275	0.162758966711606	0.165226957237984	0.279663124080204	0.417502783527143
374	miR-4482-3p	1.0343977781063	1.16412372758528	1.11461282831244	0.776419464937273	0.708848876442117	0.962418647753279	0.926505220521988	0.951977226003704
375	miR-204-3p	1.35381579177131	1.6978847044377	1.51511438678109	0.226749800036695	0.617018249229347	0.45172440162911	0.460391723092194	0.595667315803234
376	miR-1914-5p	1.68402774825934	1.50028832120615	2.40690836765916	0.947840043861571	0.116245212675463	0.0673081950875849	0.145788883354845	0.272833481706924
377	miR-212-5p	1.17636597546358	1.96625506446131	2.6377610840771	0.0100257998921385	0.000112277263573241	0.127313745464738	0.000331476586848603	0.0031016737769405
378	miR-3928-3p	1.81825394227436	2.44912068937523	2.50929456869328	0.0281198167922916	0.0704663073251446	0.89814701587081	0.0636240617553926	0.149502279640474
379	miR-1247-5p	1.22379219331191	1.0667868839969	0.95200197881548	0.731947750072862	0.995173719813358	0.668149171426837	0.904254295585394	0.94200646299552
380	miR-200b-5p	2.02279864008326	2.34008244452607	1.8427038869942	0.304047120021202	1	0.231561439910655	0.437174355814297	0.574133740467899
381	miR-7113-5p	1.66016065397992	1.8743753807847	2.1609583782333	0.342677873307956	0.112122165789809	0.508482939360963	0.271893779020757	0.409403276456543
382	miR-329-5p	1.46721388817109	1.83697980126797	1.69406442955388	0.444830463112113	0.9203353974661	0.613451398037183	0.749580317782908	0.820000180622639
383	miR-379-3p	1.73506262528855	1.9737458811261	2.14238244970546	0.422634826979034	0.460375983210527	0.995093874888277	0.666078295829586	0.757507533213734
384	miR-4742-3p	1.69537862207347	1.6248213597149	1.05857302167101	0.689441920900684	0.494945873795623	0.195551343135678	0.472560545273252	0.603955428593132
385	miR-760	1.12550918366578	2.7675678806584	2.18154283752455	1.49294818477885e-06	0.00207885085451111	0.141201191723628	7.50253404932925e-06	0.000141549476258459
386	miR-615-3p	1.3255567263559	1.43271698942949	1.88650301158988	0.299982708387038	0.0774639970273128	0.524787141115901	0.213058004500882	0.351076711819064
387	miR-500b-3p	1.13043224418595	1.44864507826796	1.08243028762737	0.0294113966217573	0.276875581508321	0.146769764949512	0.0676937109755329	0.156262134586693
388	miR-6837-3p	1.56904702092051	2.27462258856011	1.98817404667668	0.0264898325500882	0.313724439047372	0.251781932522582	0.0842630325750152	0.182453839129372
389	miR-3940-3p	2.40001973735029	1.45472597061925	1.98460619554193	0.0667718758799046	0.442614189305535	0.356062851722321	0.195375261732799	0.326040245694225
390	miR-9-5p	0.672935358236075	1.03677588928144	1.54022230266493	0.341537528953735	0.155293674054159	0.54427186015211	0.333291854959404	0.471384474398223
391	miR-582-5p	1.0927313297369	1.4779807950535	1.14699876818264	0.395471225834265	0.896595325411217	0.489395725527619	0.660542899682845	0.75408383318913
392	miR-6809-5p	0.70940774964099	2.43070514169191	1.37046354346511	2.27354614073349e-07	0.0179671497043851	0.00338937017932112	9.46734318240466e-07	2.75604879310002e-05
393	miR-668-3p	1.76579136873708	2.0365163530796	1.60855957711109	0.595140325894665	0.793725020015017	0.409683187243377	0.708981333832073	0.792124134174853
394	miR-6859-5p	1.68123286905075	1.532626090519	2.01376011378965	0.920541581970528	0.335768278080705	0.383216911593292	0.568648545500254	0.697468620356831
395	miR-2355-3p	1.06795464963384	2.3562327673862	2.16474109861644	0.00561383493451646	0.00793010126229832	0.871442112154324	0.00685906766673365	0.0317980934875148
396	miR-29c-3p	1.24606712201317	1.32677651581528	1.10431251973802	0.856488734766725	0.454712037865462	0.411365226613371	0.657449971913659	0.752498340804675
397	miR-130a-3p	1.39112534004235	1.91927822241043	1.69235174536259	0.306128443892794	0.825219815260231	0.507623396452781	0.593103482688399	0.713679886474753
398	miR-4775	1.90061539825495	1.48375136970332	1.96310050001695	0.577258922500204	0.351690557438175	0.143126118333453	0.333747404583475	0.471384474398223
399	miR-92a-2-5p	1.33328607647272	1.10531129386137	1.29443410797337	0.455365942466245	0.863961172473059	0.369185877389262	0.627173373401029	0.735209950027157
400	miR-6810-3p	1.0946605062936	1.13856816360065	1.66123048770672	0.515570065023901	0.203440981212803	0.431964215415518	0.4090020469307	0.549530955363299
401	miR-873-3p	1.25478451231596	1.86805695296069	1.06849331819406	0.0935793639435344	0.844240944550938	0.126578453389541	0.172129284243722	0.297226568243944
402	miR-544b	0.839993421362592	1.16411295040282	1.54163676023899	0.19480519028238	0.00584744241222317	0.171928858406063	0.0242401625068098	0.0759547048314641
403	miR-3140-3p	2.15653021284701	1.38342970192395	1.55161561187335	0.0937695330980581	0.106219878531349	1	0.156409535445396	0.283923678565964
404	miR-3944-5p	1.78737058163004	1.27155353835272	1.04224468943215	0.332268428595323	0.115649439869982	0.502692034389023	0.270684407693751	0.408756857727739
405	miR-624-5p	1.31299995771827	1.08908224772902	1.9131994617665	0.452188275557107	0.269514182730493	0.0701116091085401	0.186841358562193	0.316844245587668
406	miR-374b-3p	1.51707985711805	1.265602221793	1.72925086380168	0.768887126634723	1	0.915640213816721	0.969781150364911	0.977241005367718
407	miR-20b-5p	1.43376244871554	1.30941957070963	1.53559080910818	0.918469286357991	0.889455071571107	0.796453332236822	0.967884656769437	0.977209171767216
408	miR-1249-3p	1.19424182164409	1.67258970245485	1.73786631060629	0.187840583068083	0.233572467959001	0.858370654940412	0.337812615748636	0.475843577022272
409	miR-24-2-5p	1.35973437170942	1.67810888956025	1.92233316950911	0.391776105850916	0.275363759252788	0.788338164295384	0.508572611596138	0.639069660614811
410	miR-149-5p	1.42738934601851	1.34985963401205	1.7122217710196	0.752389489923945	0.448041910874218	0.593855278057338	0.725062882836772	0.801961003171068
411	miR-548ay-3p	1.39643279968566	1.25548404578969	1.88236121181912	0.672711769579025	0.34355587103233	0.177350687526218	0.385214238503829	0.524291586950666
412	miR-10a-3p	1.35436550090339	1.26602121694222	1.02112127074062	0.995459058281544	0.481542767180995	0.478938434253874	0.719551254160375	0.800519866624281
413	miR-6805-5p	1.76912254161692	0.640736182156939	1.28416395855674	0.0912022407330533	0.784611636422836	0.0202921546333856	0.066933992390935	0.156228384316242
414	miR-7848-3p	1.45935009705671	1.45049893269077	1.68613059125207	0.814741127121331	0.307702958766474	0.19454345327912	0.398725506902728	0.537100682820127
415	miR-338-3p	0.788935130752657	1.38789239741704	0.918200420949278	0.00250379371436109	0.335677095209445	0.0340147184484687	0.0070047052984773	0.0317980934875148
416	miR-6875-5p	0.967285822285055	1.40958945994239	1.60955716877817	0.0325190424879395	0.0512518751891513	0.927231858664671	0.0579714893236187	0.139344313787047
417	miR-4454	0.888327085018922	1.56121993208546	0.998782270825429	0.235442534954396	0.992802447977784	0.271969198215384	0.412439349932476	0.551321988175045
418	miR-3157-3p	0.898280042788647	1.54828714935602	1.55977293156965	0.0167115598348457	0.018174763978016	0.962856516954346	0.0221770326712002	0.0700046091548731
419	miR-6513-3p	1.38124535701433	0.787848215785735	0.959962953181502	0.275223134444678	0.820059624517286	0.366104498810928	0.499595052404656	0.63233769917884
420	miR-6815-5p	1.40168714351864	1.36811078052785	1.16616195380423	0.719947596894693	0.607174905397124	0.336465325012569	0.649472300776568	0.751265972642211
421	miR-1255b-5p	0.764882289255864	1.2317188093251	1.34719197490954	0.156606593240021	0.448544201112412	0.694064615700634	0.393075584899876	0.532226373352804
422	miR-6716-3p	0.969138912959811	1.4238545094159	1.53808590956361	0.0787317376625094	0.00400667767686303	0.352452668116759	0.0166415894768425	0.0585247844688958
423	miR-6514-5p	1.01405612122467	1.30294128984613	1.54536278869046	0.0702210080939037	0.110453054828001	0.922513328756873	0.138240767216367	0.261509610185474
424	miR-369-5p	0.810667444808264	1.27595805279112	1.60047823917912	0.416474867629516	0.0887596425428891	0.382235662774998	0.233182499772422	0.375961938094612
425	miR-550a-3p	0.916114862617206	0.736178704189871	1.70248940809223	0.826750847255133	0.342410690290126	0.307129941981762	0.516631887865488	0.643028763043981
426	miR-455-3p	1.09480506897089	1.40606463559187	1.2405676364445	0.407353863475612	0.707584047037372	0.653696922869209	0.703947561246101	0.789868355659437
427	miR-3150a-5p	0.7206266605589	1.42982762562483	1.88290105444278	0.134501553413405	0.0133553442058838	0.268971032955417	0.0402234911511433	0.111519097159783
428	miR-618	1.09831418868304	0.949072768203515	1.09242060979055	0.73407804240378	0.72008669251737	0.54085994727743	0.813952684111348	0.872211056184758
429	miR-330-5p	1.24689820839523	1.34489486386582	1.21975410720358	0.731152903282313	0.97857810597254	0.757409157530979	0.929221626610737	0.951977226003704
430	miR-135a-5p	0.969993604745695	0.844084246513325	1.24324624730912	0.736804913976854	0.341297404991072	0.487854437312861	0.602493650477335	0.713679886474753
431	miR-412-5p	0.986605269079482	1.28266318713638	1.80575886906869	0.0275230042591966	0.00387827339040462	0.333587741223274	0.00889845417231954	0.0385354544321937
432	miR-3677-3p	1.00041814696869	1.28497838470452	1.51581609798591	0.547646586271199	0.295274082107714	0.622032991071397	0.564098811774915	0.693868021995435
433	miR-5581-3p	0.585934869145873	1.45912984080708	1.22367193248203	0.0679037927921435	0.168744133402738	0.668751086384967	0.160296782226491	0.286784824557552
434	miR-452-5p	0.915944219328841	1.88315618918994	1.77400482776013	0.00186417907033266	0.0216915809957123	0.455450928073256	0.0052406542265991	0.0264048347570955
435	miR-3200-3p	1.21623559239907	1.43008003423215	1.18488002167852	0.623428139900606	0.649733305895621	0.427094589511589	0.699159918627189	0.786179822662333
436	miR-6786-3p	0.890302717383985	0.819145309896492	1.91898308139368	0.0412056092393139	0.000186181892349779	0.0195020343248124	0.00039144408069188	0.00347655420817873
437	miR-3682-3p	1.34515229825253	1.04135704464223	0.995687050165794	0.888234053732709	0.850275006795187	0.663047094234686	0.923404689916682	0.951977226003704
438	miR-4677-3p	0.87350087815847	1.44391707723957	1.52840250633577	0.0350369962516651	0.0321701955705783	0.955316185436103	0.0470568284822767	0.123908432787503
439	miR-548j-5p	1.10891395475426	1.38510819353718	1.62198036145488	0.537227661126026	0.598149916493578	0.990117646996005	0.798151301462867	0.85703131550521
440	miR-99b-3p	1.20161808177435	1.54200288040615	1.35921937102302	0.279593654545214	0.284302480449018	0.930660596150292	0.452510986685777	0.588376568296147
441	miR-4687-5p	0.673042015797278	1.51793123529019	1.13421297842524	0.010032011954897	0.31837860419045	0.175429944708305	0.0399864130412968	0.111451491668295
442	miR-885-3p	0.898238848177058	0.802355431875053	1.31191362194416	0.463204591288483	0.397544247557972	0.122293034690023	0.300647518787461	0.438397181582524
443	miR-132-3p	1.14929017319998	1.14055897804987	1.01869174099843	0.45145527265507	0.959250495043264	0.476809652544409	0.694757418356441	0.782909434879087
444	miR-5010-3p	1.24066541691771	1.07482530978025	1.3278233296316	0.899958485400881	0.797436539185715	0.775975363265203	0.949010761187425	0.963724106322114
445	miR-6866-5p	1.55366544099802	1.14405173620292	1.14280150553829	0.164816752046722	0.218706916981634	0.919666491073303	0.305315448991936	0.44194832948004
446	miR-5094	1.30560243850246	1.44029688401038	1.5170400234905	0.53827736828697	0.370620955592589	0.81421767633849	0.657718015436147	0.752498340804675
447	miR-6810-5p	0.859562658525758	1.10382586999004	1.63816080499819	0.385632956795621	0.0691634133927477	0.282154303564147	0.174297815611722	0.298470769217458
448	miR-19a-3p	1.69563563275789	1.16203424723937	1.04633663509582	0.0675950999163347	0.0189439996245421	0.556973907972716	0.044289173755333	0.118405750243849
449	miR-195-5p	0.91610862692446	0.965612574215815	1.00101306314591	0.892384784261463	0.968914329693211	0.899799646258997	0.987759021103209	0.991543538425444
450	miR-10399-3p	1.50378337082516	2.19328915731809	2.06902961119095	0.0124749866871946	0.0213092480223022	0.675106596791518	0.018676200854975	0.0619387927089046
451	miR-576-3p	1.2601945471987	1.23884217252718	1.21525825415922	0.898225646210726	0.318955420959233	0.34677042113587	0.535106707517509	0.662874502929491
452	miR-196b-5p	1.06807357409033	1.00214594236596	1.79906749624827	0.749384722812602	0.152052875730944	0.0801786010827594	0.177204476859181	0.302300043839425
453	let-7f-1-3p	1.68038253221035	0.997960845335782	1.0173049755778	0.136139458471098	0.0842630390929623	0.80789040339203	0.166325610059544	0.292465166681884
454	miR-4748	0.866306617942903	1.28932167857217	1.57654150234114	0.241407071469849	0.0571248214501312	0.457841766603866	0.154766212316275	0.282569669873617
455	miR-605-3p	1.38570692501478	1.41323792478333	1.08019753366945	0.391427084046974	0.875074200539287	0.384098407015545	0.601902537280958	0.713679886474753
456	miR-3161	0.592345040111831	1.06940683372938	0.971384468489986	0.109621270877664	0.104523634939281	0.982386721207637	0.172760254437986	0.297226568243944
457	miR-937-3p	0.825068986206627	1.00666306705419	0.972336358603536	0.105804408824526	0.0676190957890336	0.906633470126949	0.132565975068098	0.254448977786386
458	miR-6847-5p	0.890785339707155	1.09739565672533	1.27155688183616	0.35356740546606	0.231004524925487	0.726823473164298	0.441186150132196	0.57507846435142
459	miR-106a-3p	1.04158026837191	0.87239576898495	1.08786285725445	0.924248896800521	0.664760753168591	0.743280915103433	0.902791280906818	0.94200646299552
460	miR-3198	0.7391795754691	1.48834980963596	1.3315701798999	0.0376387846827703	0.0489998876294566	0.798216622391755	0.0607398330040788	0.144671238609715
461	miR-92b-5p	1.7532197811144	0.567458765629309	0.702644241476367	0.040396779947744	0.0293003397707737	0.715839581808451	0.0441612274283738	0.118405750243849
462	miR-5698	1.0869590650948	1.2685243191658	0.988146611762969	0.275540847878569	0.571957596288554	0.110539155366667	0.258136798622647	0.401375912398419
463	miR-383-5p	0.797431907781492	1.07323256749433	0.615620769626758	0.139624314236645	0.697496112141767	0.215656225558576	0.270477352667916	0.408756857727739
464	miR-130b-3p	0.846188998965695	1.62907252946444	1.26043468556151	0.0508381959532155	0.734702292781112	0.230442840225318	0.162706867432085	0.288573882074775
465	miR-550b-3p	0.162342663655797	1.78105552387938	1.1922452391985	1.3109511568287e-08	0.00276411647091886	0.0188511232052733	1.31071568644417e-07	6.86815019696744e-06
466	miR-509-3p	1.21705470757804	0.853673230106189	0.957250927185693	0.299260176189107	0.852856946416451	0.350473568538902	0.513252689398879	0.641042532265961
467	miR-6892-5p	0.872977488017474	0.967000519313501	0.99809409741025	0.206032430850839	0.502971013424681	0.501008094785725	0.425083463937721	0.563908190135103
468	miR-128-1-5p	0.967801229932166	1.51708847881721	1.28283761009086	0.0940662970610242	0.551411427995108	0.357381498920929	0.254969638781617	0.398100161559221
469	miR-324-3p	0.944402695792964	0.959776624955755	1.08539689740095	0.870406998085074	0.604311942797027	0.49162452927204	0.775119739357258	0.84091665305011
470	miR-181c-5p	0.646535050706394	1.33022888362656	1.03895169417117	0.0356536895036812	0.0425028057254513	0.84047323639043	0.0559923633207295	0.135511420818844
471	miR-6515-5p	0.453686065520974	1.49042338860745	1.16829551280646	0.0026224279451996	0.150740651360002	0.221419622385565	0.0136888791291999	0.0508721465510692
472	miR-548ac	1.17792048671951	0.90545313236233	0.926451793494391	0.801144584095924	0.773092496611558	0.939139719126977	0.948563308705253	0.963724106322114
473	miR-1226-5p	1.33077651051125	0.700763222898528	1.32595002893059	0.14472541506823	0.950599553866485	0.132412494681276	0.231733585998152	0.374779009453801
474	miR-548q	1.09176795123074	0.67773352154611	0.664454513197165	0.479121505673014	0.150850853717168	0.465376322818713	0.35265847265469	0.49278143912282
475	miR-3690	0.702561943873029	1.37299314919196	0.551101128929169	0.360760780310177	0.409112041056798	0.111761631321099	0.261614187450458	0.403193630070706
476	miR-3617-3p	0.83724700391716	1.11345480895103	1.37768573827139	0.289255000435427	0.282690801288616	0.82715614908112	0.458120333417304	0.594195679976899
477	miR-6758-5p	0.707726933652686	0.568629731766188	1.15367152246276	0.768762845792407	0.0626327842069248	0.0986445913996944	0.125740201398497	0.242234799752987
478	miR-3120-5p	1.08525688581383	1.02495841990879	0.652092873637487	0.543910385834803	0.288049538676384	0.0755076178484114	0.217860590516952	0.356746716971509
479	miR-190b-5p	0.556176203324692	1.48791176932441	1.02929165061954	0.00529557447970633	0.152169412560279	0.194621525185513	0.019816719793898	0.0644966532422518
480	miR-3200-5p	1.03131338797891	0.964663335638665	0.619535933229578	0.0579350419253378	0.299813852266417	0.183070809118199	0.11561293548462	0.227748790202786
481	miR-1273c	1.09907477306668	1.39734979960259	0.911975271657817	0.0902382225857132	0.791997573061793	0.0419423291912729	0.0932087410812551	0.193048934097145
482	miR-3939	0.793842175742003	0.842836930793476	0.839192832403587	0.32823100797901	0.302722578234584	0.961889733675115	0.50442774708481	0.636915998728772
483	miR-23a-5p	1.00501292186913	1.2597666570885	1.10501550047979	0.326999980382082	0.758599755145476	0.517288669524793	0.604590330802923	0.713679886474753
484	miR-148b-5p	1.26578088521065	0.479545781227199	0.865405734500039	0.204029980420386	0.367326288867396	0.744129802892146	0.419626212005525	0.558081561144403
485	miR-556-3p	0.680830462548477	1.04688546502768	1.60841604217908	0.327169695902455	0.0674714030218168	0.329808904245201	0.171434899195131	0.297226568243944
486	miR-4745-5p	0.661833523235639	1.07037595529334	0.674207608105663	0.344401430601791	0.407555575570668	0.833856443573733	0.576558233865553	0.702596545454767
487	miR-6855-5p	0.991801964649159	0.777686755707031	1.28325088292027	0.804907015592418	0.402721465288017	0.293283755629028	0.538763011748126	0.665829759801929
488	miR-548l	1.19581910354001	0.964283103443724	1.29220056757399	0.346710314345281	0.78958922608976	0.548380752426546	0.639353896745291	0.746150204664883
489	miR-539-3p	0.817642656359897	1.13033595840387	1.11657217355304	0.577500852539731	0.714658288377212	0.916715690861082	0.856028554530392	0.906179722371567
490	miR-4676-3p	1.14928300544506	1.14204499327862	0.394155477718805	0.479602352170532	0.185194074182193	0.0191145978524321	0.0813209648192263	0.178293663453032
491	miR-3184-5p	0.905657016092408	1.06100154199129	0.950158306942519	0.513132221633091	0.672378892488879	0.80551624162743	0.795250803651791	0.855670269226979
492	miR-616-3p	0.924975350102101	1.04898032274803	0.736207756041807	0.928872362592201	0.534814067594236	0.465834510005356	0.737096906460985	0.811426006272177
493	miR-2115-3p	1.01829036470712	0.909162840950954	0.332134788208866	0.892202176910866	0.0110470391211673	0.0141166327808452	0.0173242640302131	0.0597231207357347
494	miR-146a-3p	0.987889722122518	1.2039702565673	0.887546469077255	0.447514988449397	0.374019529756575	0.112220862177931	0.276782481575382	0.414382915272857
495	miR-4467	0.833282087543048	0.240152593050639	1.49257131627845	0.162134108985377	0.244199677617557	0.0163141133306916	0.0503979766922903	0.126356649697417
496	miR-3179	0.527255809437318	0.955495339817344	0.824190075169205	0.0149071477868319	0.0534243682068168	0.509900055020737	0.0328547422082409	0.0978175279381719
497	miR-219b-5p	0.976803488770459	0.876206597611121	1.09017022378096	0.599858401116574	0.0215261334169637	0.111322182965538	0.0672086610759823	0.156228384316242
498	miR-6772-3p	0.588875762233041	1.08490356632341	1.12882968726495	0.239329905096493	0.356689748105611	0.922647001264111	0.468386644132201	0.600084600306291
499	miR-6736-5p	0.226817298702099	1.30145406013551	1.33505459247746	0.000491632147290173	0.000143114785251929	0.810780272680934	0.000140761488546791	0.00153664624996913
500	miR-4667-5p	0.639082554918793	1.18654589333529	0.978333357986938	0.00868266656862688	0.115805296855964	0.249935675800354	0.0260579118446109	0.0793857314335822
501	miR-1255a	0.971201277847777	0.907912651020498	0.727130435994037	0.633608138700319	0.305711553997992	0.638759443140223	0.604721125180897	0.713679886474753
502	miR-7704	0.904382705109387	0.813013084181104	0.796692324063593	0.389678461510469	0.561361747536729	0.687968898878919	0.656481770606976	0.752498340804675
503	miR-4716-3p	0.20947094618043	0.941458259694034	0.847718093818301	0.000238364183767616	0.00586867759356155	0.431747060436518	0.000679117499019337	0.00547473183824819
504	miR-4511	0.727343924156493	0.792441024487995	0.647273254697433	0.263735203681164	0.41079450163383	0.63943276046488	0.482721950138825	0.613947334642583
505	let-7e-3p	0.865138575616674	0.9090120867571	1.22947319506245	0.737376930809529	0.658424993486703	0.787095049353365	0.881255730487926	0.925406819189726
506	miR-3127-3p	0.576833134689136	1.10332079242563	0.652495004843397	0.0674413430336774	0.730160306089644	0.160268234609404	0.156591494476267	0.283923678565964
507	miR-4750-5p	0.666316739806588	1.05458195599509	0.830519844814747	0.0942168453409601	0.401687661789047	0.445763004009463	0.247497576819462	0.389455646406601
508	miR-490-3p	0.710506887932264	1.31216572227822	0.682851783902082	0.0529318276335661	0.754230430760402	0.0228056816248045	0.0488013924788623	0.125490798590856
509	miR-6511b-5p	0.766639020473397	0.823506483388691	0.634161871948288	0.851198270763461	0.47892716405625	0.368418331660219	0.642659574213726	0.748341370862205
510	miR-3174	0.613594112394416	1.38354254792989	0.862349869769658	0.00363896695458344	0.234751380986582	0.0710973936263871	0.0114150876615746	0.0440957389216578
511	miR-4781-3p	0.479059984339602	0.614233323305276	1.01226599200415	0.677755241363444	0.21939849308088	0.442432580757266	0.467523207781338	0.600084600306291
512	miR-214-5p	0.379334092413825	0.58581887952136	1.28179408473732	0.246960928912284	0.00336716066235327	0.0608849158332645	0.0110462817676393	0.0435206890694962
513	miR-4645-3p	0.614749665121447	1.10765648512371	0.872158024044066	0.0245305650442373	0.342760645471804	0.213209903570422	0.0767980044050258	0.17051760300099
514	miR-6741-3p	0.456023418885887	0.861970463872087	1.07201018902735	0.264891882120309	0.202524150276516	0.789392549665988	0.373492535800758	0.517751557565072
515	miR-942-3p	0.855992359500712	1.04459464081115	0.482757661017884	0.49698243186579	0.199822211211159	0.0548639997908911	0.149155720582906	0.277154601366818
516	miR-378c	0.746896775752827	0.604597351519404	0.751891844360795	0.659645181540508	0.497601896526561	0.77521893793653	0.779102635093547	0.843491282621939
517	miR-6802-5p	0.51502620115009	0.866864463159414	0.871267949689227	0.173269503421278	0.0616121410255659	0.698866710476224	0.157981295767528	0.2844749105917
518	miR-98-3p	0.877419627681422	1.06609310188666	0.839646666131938	0.236667336017495	0.491525549665981	0.534750440983734	0.464619477890062	0.599199470295711
519	miR-3620-5p	0.68956691665381	0.759760695342859	0.544216823135682	0.546099465577365	0.525993295694689	0.183830071874375	0.435862822517647	0.573849545224238
520	miR-625-5p	0.398834397027223	0.657238499392302	1.18704784175968	0.327271682876185	0.0155311974018424	0.157849047869783	0.0518639749827966	0.128799634554433
521	miR-1291	0.766850040579853	0.792498079745141	0.728516237670259	0.769296040879913	0.765917263449186	0.976976073751293	0.941007041541862	0.961184580444319
522	miR-17-3p	0.558911572847486	0.484920930677125	0.817840817097489	0.357702627055213	0.909213030611993	0.378141709938285	0.579030228067666	0.703971785400132
523	miR-4659a-5p	0.791118333684164	0.679800753404378	0.519690892245183	0.773179895634163	0.750884631963063	0.461410023573281	0.78785945215132	0.849461631537637
524	miR-642b-3p	0.581995551856336	0.445837092690443	0.550362446132194	0.18911886625862	0.739784050133985	0.326492448982113	0.388165472326547	0.526939656733447
